220 (27.2642)
220 122 (25.006)
905 (27.3632)
905 8 (25.1689)
905 122 (25.492)
524 (31.6771)
524 49 (27.3612)
524 49 8 (26.0122)
524 49 8 122 (25.3749)
524 49 122 (26.5523)
524 8 (28.9386)
524 8 122 (27.9332)
524 122 (30.1188)
9 (25.004)
150 (40.0475)
150 49 (30.4928)
150 49 8 (27.7586)
150 49 8 122 (27.1651)
150 49 122 (29.0836)
150 8 (33.0799)
150 8 122 (31.5943)
150 122 (35.8122)
308 (35.2995)
308 49 (30.756)
308 49 8 (29.0714)
308 49 8 122 (28.2622)
308 49 122 (29.5603)
308 8 (32.0129)
308 8 122 (30.781)
308 122 (33.167)
158 (39.904)
158 49 (31.0216)
158 49 8 (28.5939)
158 49 8 122 (28.0083)
158 49 122 (29.6083)
158 8 (33.6305)
158 8 122 (32.0347)
158 122 (35.9087)
6 (25.8685)
6 8 (25.3711)
6 8 122 (25.2208)
6 122 (25.6698)
511 (26.5059)
511 8 (25.9597)
511 8 122 (25.886)
511 122 (26.4)
20 (25.64)
20 122 (25.3914)
149 (37.4823)
149 49 (29.5759)
149 49 8 (27.4809)
149 49 8 122 (26.8511)
149 49 122 (28.2385)
149 8 (31.8657)
149 8 122 (30.4571)
149 122 (33.8571)
146 (39.8569)
146 121 (25.3181)
146 121 122 (25.1515)
146 171 (25.078)
146 124 (28.2548)
146 124 49 (25.1812)
146 124 8 (26.5332)
146 124 8 122 (26.215)
146 124 122 (27.6141)
146 516 (26.9979)
146 516 8 (26.2124)
146 516 8 122 (25.9337)
146 516 122 (26.6193)
146 49 (33.2492)
146 49 8 (31.4346)
146 49 8 122 (30.7569)
146 49 122 (32.2457)
146 8 (36.0757)
146 8 122 (34.7747)
146 122 (37.8368)
1 (32.6712)
1 49 (28.9066)
1 49 8 (27.8195)
1 49 8 122 (27.2648)
1 49 122 (27.9566)
1 8 (30.2647)
1 8 122 (29.4751)
1 122 (31.2201)
22 (32.673)
22 124 (25.209)
22 124 122 (25.065)
22 516 (25.9662)
22 516 8 (25.6251)
22 516 8 122 (25.5207)
22 516 122 (25.8353)
22 49 (29.2983)
22 49 8 (28.6795)
22 49 8 122 (28.5266)
22 49 122 (29.09)
22 8 (31.3521)
22 8 122 (30.8886)
22 122 (32.031)
514 (32.4972)
514 121 (25.2057)
514 121 122 (25.1488)
514 124 (25.9415)
514 124 8 (25.4804)
514 124 8 122 (25.3888)
514 124 122 (25.8083)
514 516 (26.4589)
514 516 49 (25.3381)
514 516 49 8 (25.1704)
514 516 49 8 122 (25.122)
514 516 49 122 (25.2821)
514 516 8 (26.1909)
514 516 8 122 (26.1176)
514 516 122 (26.3661)
514 49 (30.0708)
514 49 8 (29.5782)
514 49 8 122 (29.4565)
514 49 122 (29.913)
514 8 (31.566)
514 8 122 (31.3501)
514 122 (32.1668)
81 (31.4455)
81 49 (29.1998)
81 49 8 (28.461)
81 49 8 122 (27.8659)
81 49 122 (28.4679)
81 8 (30.2102)
81 8 122 (29.4698)
81 122 (30.4213)
476 (29.3698)
476 49 (26.6141)
476 49 8 (25.9834)
476 49 8 122 (25.8196)
476 49 122 (26.3631)
476 8 (27.8472)
476 8 122 (27.5696)
476 122 (28.8361)
84 (33.5332)
84 121 (26.266)
84 121 8 (25.8146)
84 121 8 122 (25.774)
84 121 122 (26.1889)
84 124 (26.6391)
84 124 8 (25.8048)
84 124 8 122 (25.7009)
84 124 122 (26.4364)
84 516 (26.6326)
84 516 49 (25.2756)
84 516 49 8 (25.0384)
84 516 49 122 (25.1838)
84 516 8 (26.2273)
84 516 8 122 (26.1265)
84 516 122 (26.4706)
84 49 (30.0913)
84 49 8 (29.3524)
84 49 8 122 (29.1821)
84 49 122 (29.8026)
84 8 (31.8842)
84 8 122 (31.4146)
84 122 (32.7205)
379 (33.2649)
379 124 (25.522)
379 124 8 (25.0624)
379 124 122 (25.2716)
379 516 (25.7074)
379 516 8 (25.4717)
379 516 8 122 (25.3534)
379 516 122 (25.5541)
379 49 (30.3657)
379 49 8 (29.7658)
379 49 8 122 (29.5098)
379 49 122 (29.9667)
379 8 (32.0383)
379 8 122 (31.5)
379 122 (32.3448)
60 (37.9397)
60 121 (29.0327)
60 121 516 (25.4933)
60 121 516 8 (25.3391)
60 121 516 8 122 (25.3145)
60 121 516 122 (25.4626)
60 121 49 (27.4892)
60 121 49 8 (27.2338)
60 121 49 8 122 (27.1931)
60 121 49 122 (27.4388)
60 121 8 (28.6077)
60 121 8 122 (28.5411)
60 121 122 (28.9342)
60 171 (26.1572)
60 171 8 (25.6198)
60 171 8 122 (25.439)
60 171 122 (25.9285)
60 51 (27.3275)
60 51 49 (25.9815)
60 51 49 8 (25.7146)
60 51 49 8 122 (25.6776)
60 51 49 122 (25.8919)
60 51 8 (26.8978)
60 51 8 122 (26.8303)
60 51 122 (27.1924)
60 124 (29.6119)
60 124 516 (25.2142)
60 124 516 122 (25.074)
60 124 49 (27.6153)
60 124 49 8 (27.0902)
60 124 49 8 122 (27.0172)
60 124 49 122 (27.385)
60 124 8 (28.7393)
60 124 8 122 (28.5438)
60 124 122 (29.2173)
60 516 (30.3015)
60 516 49 (28.6053)
60 516 49 8 (28.3445)
60 516 49 8 122 (28.2837)
60 516 49 122 (28.5058)
60 516 8 (29.8537)
60 516 8 122 (29.6886)
60 516 122 (30.0761)
60 49 (34.097)
60 49 8 (33.1909)
60 49 8 122 (33.0142)
60 49 122 (33.6953)
60 8 (36.1847)
60 8 122 (35.7917)
60 122 (37.1725)
878 (40.0559)
878 51 (26.2879)
878 51 8 (25.7059)
878 51 8 122 (25.5456)
878 51 122 (25.9932)
878 124 (27.4595)
878 124 49 (25.61)
878 124 49 122 (25.3531)
878 124 8 (26.3696)
878 124 8 122 (26.1111)
878 124 122 (27.001)
878 516 (27.5593)
878 516 49 (25.934)
878 516 49 8 (25.6505)
878 516 49 8 122 (25.5271)
878 516 49 122 (25.7803)
878 516 8 (27.0531)
878 516 8 122 (26.7908)
878 516 122 (27.2349)
878 49 (34.6834)
878 49 8 (33.2939)
878 49 8 122 (32.5261)
878 49 122 (33.6143)
878 8 (36.7495)
878 8 122 (35.4726)
878 122 (37.7864)
121 (42.9362)
121 171 (29.0754)
121 171 516 (25.2722)
121 171 516 8 (25.1074)
121 171 516 8 122 (25.0812)
121 171 516 122 (25.2404)
121 171 49 (27.3938)
121 171 49 8 (27.1357)
121 171 49 8 122 (27.0947)
121 171 49 122 (27.3409)
121 171 8 (28.5964)
121 171 8 122 (28.5288)
121 171 122 (28.9748)
121 51 (30.9699)
121 51 124 (25.8356)
121 51 124 8 (25.5745)
121 51 124 8 122 (25.554)
121 51 124 122 (25.8076)
121 51 516 (27.0638)
121 51 516 49 (26.1436)
121 51 516 49 8 (26.0516)
121 51 516 49 8 122 (26.0395)
121 51 516 49 122 (26.1284)
121 51 516 8 (26.9166)
121 51 516 8 122 (26.8984)
121 51 516 122 (27.0401)
121 51 49 (29.3387)
121 51 49 8 (29.0758)
121 51 49 8 122 (29.0474)
121 51 49 122 (29.3022)
121 51 8 (30.4852)
121 51 8 122 (30.4343)
121 51 122 (30.8966)
121 124 (33.3202)
121 124 516 (28.3625)
121 124 516 49 (27.1353)
121 124 516 49 8 (26.9888)
121 124 516 49 8 122 (26.9704)
121 124 516 49 122 (27.1122)
121 124 516 8 (28.1058)
121 124 516 8 122 (28.0786)
121 124 516 122 (28.3258)
121 124 49 (31.0847)
121 124 49 8 (30.6811)
121 124 49 8 122 (30.6337)
121 124 49 122 (31.0209)
121 124 8 (32.5582)
121 124 8 122 (32.4799)
121 124 122 (33.2003)
121 516 (34.4473)
121 516 49 (32.4354)
121 516 49 8 (32.1714)
121 516 49 8 122 (32.1246)
121 516 49 122 (32.3784)
121 516 8 (33.9816)
121 516 8 122 (33.9079)
121 516 122 (34.3508)
121 49 (38.7806)
121 49 8 (37.97)
121 49 8 122 (37.848)
121 49 122 (38.6016)
121 8 (41.2952)
121 8 122 (41.0773)
121 122 (42.5683)
171 (46.915)
171 51 (29.4868)
171 51 49 (27.5276)
171 51 49 8 (27.2197)
171 51 49 8 122 (27.1263)
171 51 49 122 (27.4055)
171 51 8 (28.9326)
171 51 8 122 (28.6228)
171 51 122 (29.108)
171 124 (31.3701)
171 124 516 (25.7365)
171 124 516 8 (25.4488)
171 124 516 8 122 (25.3167)
171 124 516 122 (25.5798)
171 124 49 (28.7764)
171 124 49 8 (28.2653)
171 124 49 8 122 (28.1293)
171 124 49 122 (28.5879)
171 124 8 (30.3277)
171 124 8 122 (29.9997)
171 124 122 (30.8898)
171 516 (32.5156)
171 516 49 (30.2451)
171 516 49 8 (29.9012)
171 516 49 8 122 (29.7533)
171 516 49 122 (30.0652)
171 516 8 (31.893)
171 516 8 122 (31.542)
171 516 122 (32.0937)
171 49 (39.7464)
171 49 8 (37.8596)
171 49 8 122 (37.3836)
171 49 122 (38.9016)
171 8 (42.7388)
171 8 122 (41.3839)
171 122 (44.4507)
51 (46.5343)
51 124 (33.8319)
51 124 516 (27.4289)
51 124 516 49 (26.3091)
51 124 516 49 8 (26.1361)
51 124 516 49 8 122 (26.1091)
51 124 516 49 122 (26.2521)
51 124 516 8 (27.1646)
51 124 516 8 122 (27.1205)
51 124 516 122 (27.3499)
51 124 49 (31.7113)
51 124 49 8 (30.9181)
51 124 49 8 122 (30.8422)
51 124 49 122 (31.2914)
51 124 8 (32.6985)
51 124 8 122 (32.5741)
51 124 122 (33.3251)
51 516 (34.4523)
51 516 49 (32.3407)
51 516 49 8 (32.0213)
51 516 49 8 122 (31.9391)
51 516 49 122 (32.2149)
51 516 8 (33.9099)
51 516 8 122 (33.7584)
51 516 122 (34.2154)
51 49 (41.2311)
51 49 8 (39.8611)
51 49 8 122 (39.5656)
51 49 122 (40.5139)
51 8 (43.9155)
51 8 122 (43.2202)
51 122 (45.0598)
124 (52.4418)
124 516 (36.3117)
124 516 49 (33.5334)
124 516 49 8 (33.048)
124 516 49 8 122 (32.9213)
124 516 49 122 (33.3458)
124 516 8 (35.414)
124 516 8 122 (35.1328)
124 516 122 (35.9017)
124 49 (44.5171)
124 49 8 (42.1921)
124 49 8 122 (41.785)
124 49 122 (43.4046)
124 8 (47.3744)
124 8 122 (46.4862)
124 122 (50.2531)
516 (50.7154)
516 49 (44.7339)
516 49 8 (43.6465)
516 49 8 122 (43.2353)
516 49 122 (44.1433)
516 8 (48.4307)
516 8 122 (47.58)
516 122 (49.4158)
49 (69.6349)
49 8 (63.1131)
49 8 122 (61.1858)
49 122 (65.9012)
8 (77.4013)
8 122 (72.566)
122 (84.4832)
